24
24
567
6
13.856257, 12.992966
13.008673, 12.492395
13.035325, 12.452168
13.117636, 12.216107
13.149649, 11.968165
14.149162, 11.936988
6
13.832075, 13.034228
13.110085, 13.769525
12.605323, 12.927793
12.693807, 12.876101
12.873064, 12.701840
12.984491, 12.533658
6
13.069470, 13.793886
12.065256, 14.088998
12.038139, 13.113704
12.199030, 13.102156
12.437329, 13.026569
12.564708, 12.952155
6
11.655199, 13.082991
11.902125, 13.122078
11.990593, 13.115729
12.017709, 14.091023
10.999292, 13.852315
11.448326, 12.999052
7
11.011049, 12.631599
11.177445, 12.818180
11.380749, 12.963671
11.405533, 12.973727
10.956499, 13.826991
10.178767, 13.118810
10.993157, 12.597692
6
10.798091, 12.129182
10.865096, 12.370035
10.963877, 12.557232
10.149487, 13.078350
9.830651, 12.070169
10.795847, 12.024902
6
10.909823, 11.431312
10.836736, 11.585675
10.790608, 11.831383
10.793743, 11.977046
9.828548, 12.022312
10.050703, 10.992997
6
11.302740, 10.969387
11.116226, 11.117717
10.965032, 11.316816
10.931136, 11.388405
10.072016, 10.950089
10.777682, 10.163096
7
11.878480, 10.773697
11.823453, 10.773321
11.579204, 10.826634
11.354890, 10.937012
11.345737, 10.944292
10.820678, 10.138001
11.823816, 9.811560
6
12.903633, 10.015756
12.473916, 10.884196
12.365874, 10.829181
12.123168, 10.769229
11.928201, 10.767898
11.873537, 9.805761
6
13.731789, 10.723071
12.932324, 11.273514
12.822644, 11.124862
12.631316, 10.963947
12.516577, 10.905523
12.946294, 10.037083
8
13.147097, 11.848832
13.104417, 11.602502
13.003742, 11.373669
12.964993, 11.321152
13.764459, 10.770709
14.147060, 11.809065
14.152003, 11.886160
13.152489, 11.917336
6
12.425988, 8.709148
13.396854, 9.017098
12.937741, 9.905393
12.744508, 9.807000
12.275483, 9.691144
12.389165, 8.704540
7
14.346060, 9.717130
14.374281, 9.748849
13.638262, 10.419617
13.605103, 10.374677
13.235364, 10.063710
13.001255, 9.944502
13.460368, 9.056207
6
14.444093, 9.819170
14.968168, 10.677076
14.039343, 11.048780
13.927674, 10.794958
13.676126, 10.454030
14.412145, 9.783261
6
15.228914, 11.827627
15.229149, 11.875246
14.234139, 11.893866
14.148759, 11.304597
14.065882, 11.116215
14.994707, 10.744511
7
15.226392, 11.928207
15.226662, 11.982999
15.051811, 12.968052
14.109875, 12.632188
14.176040, 12.442430
14.234657, 11.988436
14.231382, 11.946827
7
15.025474, 13.040155
14.484912, 14.007700
14.458941, 14.037911
13.696896, 13.396773
13.725325, 13.369137
13.992136, 12.966425
14.083806, 12.703520
6
14.429971, 14.079752
14.400964, 14.113496
13.622583, 14.744750
13.126913, 13.877015
13.352553, 13.745198
13.667926, 13.438614
5
13.566459, 14.770623
12.605870, 15.128406
12.422194, 14.159750
12.879286, 14.014762
13.070788, 13.902888
5
11.517881, 15.160471
11.663164, 14.171355
11.880439, 14.205748
12.361411, 14.171228
12.545807, 15.139859
5
11.352903, 14.122683
11.609284, 14.163267
11.464001, 15.152383
10.481589, 14.835818
10.942949, 13.956343
6
10.467231, 13.632256
10.857196, 13.911328
10.894916, 13.926633
10.433556, 14.806109
9.616829, 14.179388
10.345778, 13.496070
6
10.010782, 13.049573
10.105387, 13.228856
10.305482, 13.453224
9.576534, 14.136542
9.003283, 13.279568
9.918364, 12.874434
6
9.730390, 12.289720
9.859864, 12.755124
9.896612, 12.824764
8.980576, 13.227574
8.730028, 12.219757
9.727379, 12.149814
6
9.790771, 11.289311
9.705603, 11.742975
9.712910, 12.082438
8.715559, 12.152381
8.833427, 11.019136
8.839554, 11.001187
7
10.139463, 10.627172
10.019974, 10.784520
9.813267, 11.221092
9.809326, 11.242082
8.858109, 10.953958
8.866939, 10.928091
9.342442, 10.024892
5
10.677493, 10.090570
10.348579, 10.352145
10.178142, 10.576584
9.381121, 9.974304
10.120540, 9.269890
6
11.363113, 9.777217
11.205983, 9.811514
10.775763, 10.023212
10.726584, 10.062322
10.169631, 9.241643
11.108348, 8.809598
6
12.334629, 8.698608
12.220947, 9.685213
11.741421, 9.681938
11.426555, 9.750665
11.171790, 8.783046
12.272662, 8.690854
6
13.236221, 7.819014
12.931799, 8.766191
12.506199, 8.658132
12.273222, 8.628976
12.172299, 8.628287
12.216359, 7.629873
6
14.217131, 8.266270
13.690481, 9.105578
13.261024, 8.878335
13.062278, 8.802522
12.988232, 8.782994
13.292654, 7.835817
4
15.069781, 8.937351
14.353830, 9.617671
13.752309, 9.130589
14.278959, 8.291281
4
15.717802, 9.805414
14.856481, 10.286310
14.396828, 9.662814
15.112779, 8.982494
4
16.131506, 10.807191
15.178030, 11.059153
14.886915, 10.340772
15.748235, 9.859876
4
16.282687, 11.883636
15.299924, 11.887827
15.194050, 11.119529
16.147526, 10.867567
4
16.156702, 12.962368
15.207866, 12.720834
15.300312, 11.950321
16.283076, 11.946131
5
14.905758, 13.505751
14.992699, 13.335503
15.185542, 12.781613
16.134379, 13.023147
15.760389, 13.973792
5
15.734998, 14.020431
15.135234, 14.847759
14.422786, 14.180775
14.864753, 13.582964
14.880366, 13.552389
4
15.095016, 14.901288
14.309020, 15.554190
13.784913, 14.730635
14.382569, 14.234304
4
14.256283, 15.587715
13.330106, 16.024127
13.028495, 15.094207
13.732176, 14.764159
4
13.270634, 16.043426
12.265178, 16.233596
12.205917, 15.259665
12.969023, 15.113506
5
12.209146, 16.239020
11.188685, 16.172201
11.373782, 15.216702
12.149885, 15.265088
12.184518, 15.834268
5
10.583380, 14.964649
11.303241, 15.195376
11.118144, 16.150876
10.146471, 15.831773
10.563399, 14.954702
5
9.905517, 14.550696
10.509464, 14.927822
10.092536, 15.804893
9.230645, 15.252226
9.854302, 14.507330
5
9.352243, 14.000695
9.808798, 14.468082
9.185141, 15.212978
8.490409, 14.462583
9.278048, 13.898978
5
8.936153, 13.315712
9.243570, 13.849422
8.455931, 14.413027
7.970034, 13.513555
8.873850, 13.164066
5
8.696541, 12.580785
8.852706, 13.107934
7.948891, 13.457422
7.703532, 12.466201
8.661920, 12.353292
4
8.663700, 11.515816
8.647504, 12.284940
7.690609, 12.407661
7.698908, 11.384744
6
8.886437, 10.701187
8.852435, 10.773001
8.779414, 10.986921
8.683927, 11.452306
7.719135, 11.321233
7.984819, 10.330265
4
9.287046, 9.970976
8.898722, 10.644974
7.997104, 10.274052
8.505697, 9.382963
4
9.865675, 9.363047
9.324707, 9.920976
8.543359, 9.332963
9.257563, 8.598830
4
10.577290, 8.917760
9.914533, 9.324051
9.306421, 8.559835
10.180344, 8.029890
4
11.377514, 8.666941
10.633825, 8.892313
10.236878, 8.004443
11.187052, 7.711936
5
12.168319, 7.608798
12.124259, 8.607212
11.440505, 8.648232
11.250044, 7.693227
12.125329, 7.607196
4
13.199455, 6.688372
12.962931, 7.658583
12.184681, 7.546885
12.216539, 6.547876
4
14.187218, 7.024756
13.766615, 7.928959
13.022999, 7.673107
13.259523, 6.702895
4
15.189654, 7.614007
14.588610, 8.408813
13.825722, 7.956804
14.246325, 7.052600
4
16.046846, 8.415006
15.290772, 9.057889
14.643825, 8.450466
15.244869, 7.655660
4
16.711231, 9.379830
15.832986, 9.845845
15.335672, 9.110635
16.091746, 8.467752
4
17.151362, 10.464579
16.193533, 10.731432
15.865407, 9.907012
16.743652, 9.440998
5
17.166390, 10.525087
17.346849, 11.613070
16.356811, 11.667232
16.208562, 10.791940
16.512452, 10.707276
4
17.293353, 12.793110
16.312992, 12.629176
16.364203, 11.742624
17.354241, 11.688462
4
16.060349, 13.551885
16.301557, 12.697494
17.281919, 12.861428
16.981830, 13.919717
4
16.957921, 13.980776
16.497102, 14.858876
15.672316, 14.311271
16.036440, 13.612944
4
16.460645, 14.913275
15.764674, 15.758363
15.073489, 15.052667
15.635859, 14.365670
4
15.715329, 15.806787
14.850003, 16.489759
14.328099, 15.653130
15.024144, 15.101092
4
14.791358, 16.526403
13.802911, 17.000633
13.468134, 16.074476
14.269454, 15.689774
4
13.741347, 17.023235
12.778964, 17.265259
12.640786, 16.287676
13.406570, 16.097078
4
12.713957, 17.274081
11.615789, 17.311936
11.687417, 16.330101
12.575779, 16.296498
5
10.816880, 16.178748
11.614652, 16.317531
11.543024, 17.299366
10.465117, 17.103102
10.740187, 16.156330
5
10.003041, 15.872539
10.679259, 16.137976
10.404189, 17.084748
9.489870, 16.713825
9.946846, 15.843226
5
9.322295, 15.448360
9.894242, 15.814696
9.437266, 16.685294
8.613318, 16.143891
9.235622, 15.379553
4
9.184670, 15.345698
8.562366, 16.110035
7.785610, 15.333417
8.554187, 14.718244
5
8.150530, 14.114771
8.514906, 14.658179
7.746329, 15.273352
7.155903, 14.340935
8.038714, 13.906350
5
7.727726, 13.088285
8.008718, 13.843047
7.125908, 14.277632
6.746545, 13.239676
7.704962, 13.006813
5
7.578774, 12.099612
7.690006, 12.939952
6.731589, 13.172815
6.592238, 12.075242
7.578204, 12.057722
4
7.649217, 11.109145
7.570888, 11.994932
6.584922, 12.012451
6.684288, 10.920553
4
7.886274, 10.287753
7.661321, 11.044661
6.696392, 10.856069
6.985413, 9.905860
4
8.343458, 9.449000
7.912068, 10.227586
7.011206, 9.845693
7.539743, 8.893295
4
8.893196, 8.793572
8.380443, 9.394958
7.576728, 8.839253
8.217487, 8.083514
4
9.646937, 8.206253
8.940906, 8.748710
8.265197, 8.038652
9.131917, 7.374714
4
10.414566, 7.827928
9.702534, 8.171483
9.187513, 7.339944
10.079691, 6.903040
4
11.335541, 7.590183
10.475923, 7.806017
10.141048, 6.881129
11.183343, 6.625347
5
12.162579, 6.537930
12.130721, 7.536939
11.406479, 7.572342
11.250865, 6.607862
12.129805, 6.536924
4
13.284225, 5.611355
13.073650, 6.587353
12.192624, 6.476753
12.222848, 5.477615
4
14.365058, 5.937571
13.989585, 6.861332
13.140254, 6.601632
13.350829, 5.625635
4
15.374651, 6.448469
14.843120, 7.292380
14.052596, 6.886924
14.428070, 5.963163
4
16.277654, 7.127941
15.608295, 7.865841
14.900697, 7.328626
15.432228, 6.484715
4
17.050459, 7.952573
16.264308, 8.561728
15.658713, 7.911510
16.328072, 7.173609
4
17.666206, 8.900458
16.788270, 9.362390
16.306032, 8.615458
17.092183, 8.006303
4
18.109624, 9.939926
17.163731, 10.242600
16.819975, 9.422596
17.697911, 8.960665
4
18.363826, 11.042084
17.379634, 11.174913
17.184454, 10.307422
18.130347, 10.004748
4
18.422682, 12.168176
17.433206, 12.129967
17.388783, 11.242309
18.372975, 11.109480
4
17.318081, 13.080375
17.430580, 12.197947
18.420055, 12.236157
18.288343, 13.291957
4
18.273767, 13.358551
17.952718, 14.377254
17.035833, 13.995380
17.303505, 13.146969
4
17.926597, 14.440186
17.432381, 15.380331
16.600000, 14.847198
17.009712, 14.058313
4
17.395803, 15.437644
16.750423, 16.277251
16.022532, 15.610918
16.563422, 14.904512
4
15.921404, 17.047649
15.321094, 16.263452
15.976597, 15.661117
16.704488, 16.327451
4
15.867259, 17.089030
14.965882, 17.658068
14.512913, 16.777861
15.266949, 16.304832
4
14.905325, 17.689241
13.923087, 18.090045
13.629620, 17.147497
14.452357, 16.809034
5
13.803010, 17.910313
13.865997, 18.112614
12.829680, 18.340282
12.703485, 17.361410
13.572530, 17.170066
4
12.754301, 18.346667
11.689973, 18.389443
11.738485, 17.402253
12.628106, 17.367795
5
10.826053, 17.281468
11.665792, 17.391420
11.617280, 18.378609
10.564817, 18.232042
10.783844, 17.271156
4
10.722096, 17.263584
10.503069, 18.224470
9.491433, 17.900575
9.874171, 16.992154
5
9.037391, 16.549683
9.809315, 16.956855
9.426577, 17.865276
8.485947, 17.366396
9.022374, 16.539914
5
8.332743, 16.016598
8.967552, 16.503318
8.431126, 17.329800
7.594844, 16.675697
8.265396, 15.955742
5
7.738547, 15.402324
8.217867, 15.910679
7.547315, 16.630634
6.835397, 15.842754
7.619961, 15.250692
5
7.184073, 14.577200
7.579965, 15.196386
6.795401, 15.788449
6.231681, 14.885560
7.111134, 14.438965
5
6.777952, 13.647597
7.081222, 14.378163
6.201769, 14.824758
5.805498, 13.837272
6.749668, 13.551781
5
6.545389, 12.657955
6.730805, 13.486710
5.786635, 13.772201
5.569794, 12.732651
6.541812, 12.616771
4
6.503150, 11.665206
6.528249, 12.556118
5.556230, 12.671998
5.522626, 11.611178
4
6.636362, 10.719163
6.507023, 11.597206
5.526499, 11.543177
5.677202, 10.487218
4
6.932752, 9.803814
6.652999, 10.649186
5.692989, 10.420788
6.033583, 9.411232
4
7.385122, 8.958531
6.959903, 9.741367
6.060733, 9.348786
6.566628, 8.418198
4
7.975882, 8.203050
7.422638, 8.901725
6.604144, 8.361391
7.263553, 7.527399
4
8.693435, 7.566798
8.022836, 8.153636
7.310508, 7.477985
8.110374, 6.773809
4
9.508073, 7.061552
8.748347, 7.526416
8.165285, 6.733427
9.072883, 6.181767
4
10.397897, 6.704318
9.569051, 7.031282
9.133861, 6.151497
10.122150, 5.765248
4
11.334431, 6.512810
10.462808, 6.685198
10.187061, 5.746128
11.207468, 5.539196
4
12.160455, 5.474854
12.130230, 6.473993
11.398696, 6.504412
11.269073, 5.531034
4
13.256487, 4.517177
13.079708, 5.497939
12.194709, 5.406016
12.218720, 4.406642
4
14.325453, 4.785330
14.008132, 5.730001
13.145991, 5.509820
13.322770, 4.529058
4
15.344332, 5.208211
14.892087, 6.096556
14.071837, 5.751404
14.389157, 4.806734
4
16.288675, 5.773507
15.714543, 6.585656
14.951980, 6.127009
15.404224, 5.238664
4
17.145659, 6.470059
16.456531, 7.190389
15.769427, 6.624457
16.343558, 5.812308
4
17.886528, 7.288371
17.101354, 7.897799
16.505140, 7.236877
17.194268, 6.516547
4
18.501978, 8.200923
17.637236, 8.690987
17.142607, 7.950865
17.927781, 7.341437
4
18.978986, 9.196892
18.051317, 9.554253
17.670374, 8.749469
18.535117, 8.259406
4
19.302631, 10.247870
18.334466, 10.468670
18.075523, 9.616943
19.003192, 9.259582
4
19.478046, 11.338718
18.485217, 11.414416
18.349422, 10.534217
19.317587, 10.313416
4
19.480012, 12.443254
18.490098, 12.371874
18.490342, 11.481499
19.483170, 11.405801
4
19.475233, 12.510346
19.329940, 13.534553
18.360962, 13.320796
18.485320, 12.438967
4
18.087229, 14.238744
18.346453, 13.386458
19.315431, 13.600216
19.015262, 14.594023
4
17.689655, 15.109571
18.063231, 14.301573
18.991264, 14.656852
18.552941, 15.592982
4
18.520071, 15.651661
17.948005, 16.519099
17.162514, 15.909734
17.656786, 15.168249
4
17.906735, 16.572255
17.211179, 17.339281
16.524828, 16.624431
17.121244, 15.962890
4
17.162738, 17.385904
16.368947, 18.048959
15.794111, 17.243650
16.476388, 16.671054
4
16.314195, 18.088027
15.425368, 18.625623
14.975582, 17.741960
15.739360, 17.282719
4
15.365440, 18.656149
14.413594, 19.055980
14.095669, 18.120147
14.915654, 17.772486
4
14.349937, 19.077608
13.346731, 19.341590
13.169485, 18.366199
14.032012, 18.141775
4
13.280503, 19.353609
12.248027, 19.459505
12.216974, 18.470739
13.103257, 18.378218
5
11.355118, 18.444488
12.145183, 18.465948
12.176236, 19.454715
11.142729, 19.413954
11.254799, 18.432319
4
11.192527, 18.431655
11.080458, 19.413290
10.061774, 19.219564
10.317053, 18.264038
5
9.491581, 17.985393
10.249601, 18.238663
9.994322, 19.194189
9.016808, 18.854775
9.407165, 17.948312
5
8.633598, 17.556729
9.346575, 17.921399
8.956218, 18.827861
8.035808, 18.349768
8.556448, 17.508626
5
7.838308, 17.002147
8.500324, 17.473037
7.979684, 18.314179
7.142560, 17.704557
7.778337, 16.950440
5
7.150154, 16.351313
7.728250, 16.907248
7.092472, 17.661364
6.349727, 16.938988
7.090509, 16.284329
5
6.542250, 15.580565
7.046956, 16.233906
6.306175, 16.888565
5.679992, 16.061809
6.507083, 15.524640
5
6.069129, 14.752460
6.471601, 15.468718
5.644511, 16.005887
5.145093, 15.099873
6.040318, 14.688496
5
5.723334, 13.856906
6.013417, 14.627892
5.118193, 15.039268
4.755177, 14.068085
5.704591, 13.791375
5
5.499339, 12.900130
5.686596, 13.727200
4.737182, 14.003911
4.521743, 12.990595
5.494501, 12.856927
4
5.429810, 11.906589
5.479887, 12.797177
4.507130, 12.930845
4.441143, 11.895129
4
5.505291, 10.950984
5.430655, 11.839283
4.441988, 11.827824
4.531748, 10.796401
4
5.712936, 10.015017
5.515718, 10.884522
4.542174, 10.729939
4.776345, 9.721346
4
6.069261, 9.124381
5.733109, 9.950789
4.796518, 9.657117
5.181727, 8.691433
4
6.543857, 8.291470
6.098785, 9.063885
5.211251, 8.630937
5.731917, 7.738504
4
7.136002, 7.537044
6.581680, 8.235871
5.769740, 7.682906
6.411004, 6.869548
4
7.833872, 6.879280
7.181639, 7.487541
6.456641, 6.820045
7.216668, 6.111753
4
8.618044, 6.327380
7.886279, 6.837041
7.269076, 6.069514
8.119767, 5.482077
4
9.476887, 5.900038
8.675999, 6.293232
8.177722, 5.447929
9.106101, 4.986895
4
10.387260, 5.598941
9.539262, 5.874720
9.168476, 4.961577
10.155488, 4.644860
4
11.332211, 5.437729
10.452346, 5.583077
10.220526, 4.629008
11.222056, 4.460987
5
12.162433, 4.397173
12.138422, 5.396546
11.398956, 5.423631
11.288801, 4.446889
12.146528, 4.396748
4
13.234141, 3.430296
13.082217, 4.415309
12.194898, 4.335514
12.215018, 3.336007
4
14.293095, 3.655726
14.018782, 4.614698
13.148192, 4.425435
13.300117, 3.440422
4
15.314375, 4.016632
14.922123, 4.932240
14.082834, 4.633009
14.357147, 3.674037
4
16.283090, 4.499030
15.779524, 5.358561
14.983375, 4.958457
15.375627, 4.042849
4
17.182874, 5.101711
16.575240, 5.891323
15.836997, 5.392238
16.340562, 4.532707
4
18.001834, 5.811137
17.299995, 6.517259
16.628066, 5.931961
17.235700, 5.142349
4
18.722188, 6.619741
17.937576, 7.231850
17.347271, 6.564218
18.049109, 5.858096
4
19.337974, 7.510141
18.482819, 8.019140
17.978568, 7.284383
18.763181, 6.672274
4
19.834351, 8.471854
18.923148, 8.869693
18.516901, 8.076372
19.372057, 7.567374
4
20.210469, 9.487795
19.255916, 9.767736
18.949819, 8.930761
19.861022, 8.532923
4
20.450491, 10.542503
19.469648, 10.701506
19.274672, 9.831655
20.229225, 9.551714
4
20.564454, 11.620136
19.572228, 11.653829
19.480347, 10.767289
20.461191, 10.608286
4
20.532317, 12.703961
19.543606, 12.611485
19.574500, 11.720445
20.566726, 11.686752
4
20.526142, 12.770344
20.371675, 13.773998
19.404361, 13.559299
19.537432, 12.677868
4
20.357243, 13.839030
20.072326, 14.814710
19.137673, 14.479682
19.389929, 13.624331
4
20.049857, 14.877500
19.649608, 15.813073
18.768726, 15.363873
19.115205, 14.542472
4
18.278066, 16.187264
18.738455, 15.423286
19.619337, 15.872486
19.096691, 16.746587
4
19.059085, 16.801636
18.437330, 17.602931
17.696309, 16.948577
18.240459, 16.242313
4
18.393249, 17.652858
17.673714, 18.370323
17.018720, 17.626493
17.652227, 16.998505
4
17.623684, 18.414384
16.820414, 19.037799
16.266117, 18.219444
16.968689, 17.670554
4
16.765212, 19.075189
15.887474, 19.590299
15.440126, 18.705968
16.210916, 18.256834
4
15.827993, 19.620392
14.895672, 20.021122
14.562625, 19.090681
15.380646, 18.736061
4
14.832936, 20.043583
13.855942, 20.326136
13.642299, 19.358738
14.499889, 19.113142
5
13.711759, 19.951483
13.797739, 20.340811
12.793549, 20.495851
12.703296, 19.512061
13.584096, 19.373413
4
12.720279, 20.501648
11.703861, 20.531930
11.738253, 19.541904
12.630026, 19.517858
5
10.918048, 19.469524
11.668009, 19.532433
11.633618, 20.522459
10.621876, 20.421731
10.780368, 19.446678
5
10.009411, 19.283412
10.715911, 19.435688
10.557419, 20.410741
9.566581, 20.186001
9.846209, 19.237010
5
9.110606, 18.985769
9.783349, 19.218042
9.503720, 20.167034
8.548606, 19.818331
8.944895, 18.913986
5
8.195626, 18.537591
8.884081, 18.886700
8.487792, 19.791045
7.584277, 19.325305
8.091468, 18.477103
5
7.308371, 17.946086
8.034067, 18.441947
7.526875, 19.290149
6.688870, 18.714516
7.297949, 17.938098
5
6.758246, 17.474682
7.248968, 17.899130
6.639888, 18.675548
5.881577, 17.998943
6.583872, 17.304258
5
5.954538, 16.595331
6.535760, 17.254741
5.833466, 17.949426
5.165074, 17.183691
5.946593, 16.584874
5
5.428179, 15.814403
5.907327, 16.532335
5.125809, 17.131152
4.559731, 16.285663
5.413354, 15.789033
4
5.377340, 15.740093
4.523717, 16.236723
4.069600, 15.328981
4.974874, 14.943915
5
4.670983, 14.070320
4.953412, 14.874924
4.048138, 15.259990
3.708762, 14.302064
4.660299, 14.031924
5
4.453548, 13.136343
4.642913, 13.968404
3.691376, 14.238543
3.476388, 13.243343
4.448606, 13.097802
5
4.371195, 12.214209
4.439671, 13.033018
3.467453, 13.178559
3.381594, 12.164135
4.370016, 12.143163
4
4.395329, 11.190950
4.362228, 12.082325
3.373806, 12.103296
3.416396, 11.090062
4
4.551562, 10.244778
4.402161, 11.124675
3.423228, 11.023786
3.588517, 10.021146
4
4.819819, 9.324432
4.566648, 10.179797
3.603602, 9.956165
3.897788, 8.980859
4
5.211572, 8.448919
4.843117, 9.261903
3.921086, 8.918329
4.336621, 7.988884
4
5.704327, 7.626635
5.242613, 8.389919
4.367662, 7.929884
4.895726, 7.064128
4
6.296411, 6.872240
5.742361, 7.571916
4.933761, 7.009409
5.563325, 6.211335
4
6.979421, 6.199256
6.341065, 6.822703
5.607979, 6.161797
6.337677, 5.452282
4
7.742631, 5.618378
7.030013, 6.155785
6.388269, 5.408812
7.198558, 4.795175
4
8.572111, 5.137129
7.798263, 5.581619
7.254189, 4.758417
8.136373, 4.253463
4
9.454936, 4.762390
8.631906, 5.107605
8.196167, 4.223939
9.133944, 3.831472
4
10.378845, 4.504900
9.517984, 4.740645
9.196991, 3.809727
10.178032, 3.540609
4
11.326921, 4.364101
10.443820, 4.491323
10.243007, 3.527032
11.230897, 3.383286
5
12.158995, 3.326906
12.138876, 4.326413
11.393262, 4.350933
11.297237, 3.370118
12.137729, 3.326413
4
13.282194, 2.356212
13.142056, 3.344604
12.245810, 3.266597
12.271150, 2.267159
4
14.339521, 2.559904
14.090844, 3.527979
13.208224, 3.353973
13.348363, 2.365581
4
15.367895, 2.884471
15.012335, 3.818256
14.155495, 3.544602
14.404172, 2.576528
4
16.352460, 3.318220
15.896989, 4.206965
15.074723, 3.841996
15.430282, 2.908211
4
17.285409, 3.859106
16.732554, 4.691980
15.956387, 4.237414
16.411858, 3.348669
4
18.149251, 4.501802
17.509117, 5.267134
16.788184, 4.728889
17.341040, 3.896015
4
18.940490, 5.233896
18.217678, 5.924014
17.560331, 5.309963
18.200465, 4.544631
4
19.640737, 6.053141
18.846076, 6.658066
18.263770, 5.972315
18.986582, 5.282196
4
20.249619, 6.941314
19.392184, 7.455142
18.886511, 6.711190
19.681172, 6.106265
4
20.752447, 7.893996
19.843451, 8.309482
19.426478, 7.512393
20.283912, 6.998565
4
21.151081, 8.895833
20.201889, 9.206863
19.871225, 8.370212
20.780220, 7.954726
4
21.430250, 9.938657
20.452386, 10.140081
20.222706, 9.270333
21.171898, 8.959303
4
21.609225, 11.111433
20.613451, 11.197766
20.466387, 10.209059
21.444251, 10.007635
4
21.640583, 12.200515
20.641698, 12.167022
20.619734, 11.267950
21.615509, 11.181617
4
20.548303, 13.232923
20.639144, 12.237460
21.638029, 12.270952
21.535881, 13.382513
4
21.525543, 13.452189
21.314544, 14.446914
20.351214, 14.182332
20.537965, 13.302599
4
20.011529, 15.196933
20.332370, 14.250182
21.295699, 14.514764
20.937462, 15.570727
4
20.911246, 15.636143
20.476543, 16.558385
19.601034, 16.075410
19.985313, 15.262348
4
19.840870, 17.562914
19.029119, 16.979688
19.566769, 16.137025
20.442278, 16.620001
4
19.799949, 17.620218
19.164769, 18.408699
18.424091, 17.737436
18.988198, 17.036992
5
18.856752, 18.210621
19.126141, 18.454763
18.406538, 19.161497
17.744036, 18.414356
18.385462, 17.783499
4
18.350402, 19.209201
17.559293, 19.841748
16.985194, 19.023569
17.687899, 18.462061
4
16.163727, 19.532472
16.930546, 19.061933
17.504646, 19.880112
16.642561, 20.407742
4
15.295159, 19.956041
16.105184, 19.564493
16.584017, 20.439763
15.677614, 20.879794
4
15.610784, 20.907240
14.655119, 21.231900
14.381775, 20.271417
15.233320, 19.981422
4
14.590945, 21.250175
13.607628, 21.477336
13.441003, 20.492125
14.317600, 20.289692
4
13.541812, 21.488454
12.535033, 21.597661
12.480980, 20.599772
13.375187, 20.503243
4
12.468372, 21.601289
11.459900, 21.601469
11.514626, 20.604790
12.414320, 20.603400
5
10.798516, 20.533575
11.445917, 20.594037
11.391191, 21.590716
10.382494, 21.479427
10.552044, 20.494064
5
9.624952, 20.286745
10.481128, 20.481052
10.311578, 21.466414
9.224380, 21.210806
9.508123, 20.252280
5
8.738022, 19.989426
9.442560, 20.232558
9.158817, 21.191084
8.203897, 20.848247
8.596022, 19.928664
5
7.772716, 19.526325
8.534209, 19.901612
8.142084, 20.821195
7.237686, 20.371478
7.728309, 19.501839
4
7.672077, 19.477761
7.181454, 20.347400
6.327654, 19.805112
6.912625, 18.995477
4
6.858464, 18.956355
6.273493, 19.765990
5.488591, 19.124114
6.161707, 18.387267
5
5.519094, 17.738602
6.111471, 18.331474
5.438354, 19.068321
4.657338, 18.272211
5.412043, 17.617373
5
4.928916, 17.007829
5.367363, 17.565402
4.612658, 18.220240
3.993418, 17.411568
4.821076, 16.850872
5
4.299435, 15.989615
4.781333, 16.790675
3.953675, 17.351371
3.381762, 16.391531
4.269706, 15.931989
5
3.905334, 15.136204
4.238566, 15.870928
3.350622, 16.330470
2.938292, 15.401660
3.873136, 15.049129
4
2.576238, 14.279195
3.544635, 14.036862
3.844181, 14.990562
2.909338, 15.343092
5
3.369670, 13.105421
3.533065, 13.961468
2.564669, 14.203802
2.375038, 13.201510
3.366305, 13.077728
4
2.292161, 12.023494
3.291221, 12.017087
3.352064, 13.014827
2.360797, 13.138610
4
3.334706, 11.048385
3.290591, 11.946648
2.291531, 11.953055
2.340896, 10.939081
4
3.511577, 9.993243
3.342610, 10.978443
2.348800, 10.869139
2.537995, 9.769882
4
3.776587, 9.060469
3.527155, 9.924494
2.553573, 9.701133
2.836165, 8.721104
4
3.307718, 7.630810
4.200040, 8.077892
3.800731, 8.994201
2.861185, 8.652481
4
4.677104, 7.233520
4.231397, 8.014901
3.339076, 7.567819
3.839376, 6.687719
4
5.249200, 6.454699
4.713579, 7.177592
3.876353, 6.631028
4.477979, 5.820994
4
5.896748, 5.737512
5.291592, 6.403109
4.520371, 5.769405
5.200360, 5.019937
4
6.628535, 5.106614
5.944686, 5.691008
5.248297, 4.973433
6.018606, 4.315518
4
7.420065, 4.552187
6.681402, 5.065826
6.071473, 4.274730
6.899603, 3.699946
4
8.270225, 4.095775
7.477022, 4.517414
6.956560, 3.665174
7.851260, 3.188227
4
9.263284, 3.697739
8.335293, 4.065871
7.915260, 3.158830
8.954402, 2.746757
4
10.202067, 3.449999
9.331352, 3.675303
9.022381, 2.724345
10.004386, 2.470544
4
11.157622, 3.306027
10.267508, 3.436772
10.069827, 2.457318
11.066467, 2.311389
4
12.177037, 3.264977
11.225902, 3.299878
11.134747, 2.305240
12.198549, 2.265441
4
13.273555, 1.276339
13.145194, 2.266360
12.249349, 2.196296
12.275296, 1.196830
4
14.426670, 1.480689
14.196934, 2.453578
13.214500, 2.275509
13.342861, 1.285489
4
15.458238, 1.779471
15.127296, 2.721871
14.265043, 2.469478
14.494780, 1.496588
4
16.542581, 2.221251
16.116562, 3.125218
15.193227, 2.745212
15.524169, 1.802811
4
17.489039, 2.723063
16.972153, 3.578538
16.179862, 3.154868
16.605881, 2.250900
4
18.373296, 3.318671
17.773185, 4.116433
17.028977, 3.612850
17.545863, 2.757376
5
18.422769, 3.356956
19.269871, 4.061554
18.589646, 4.793982
17.822658, 4.154718
18.077818, 3.815519
4
20.025111, 4.835640
19.271237, 5.491801
18.647297, 4.845329
19.327522, 4.112901
4
20.750732, 5.755969
19.933108, 6.330502
19.317041, 5.544694
20.070916, 4.888533
4
21.324497, 6.663239
20.451580, 7.148345
19.973487, 6.387623
20.791110, 5.813091
4
21.841147, 7.713490
20.923970, 8.106617
20.485405, 7.209543
21.358322, 6.724437
4
22.218611, 8.719050
21.264167, 9.013356
20.951684, 8.170842
21.868861, 7.777714
4
22.504346, 9.858691
21.524257, 10.049614
21.284593, 9.080308
22.239037, 8.786002
4
22.675010, 11.023838
21.679619, 11.110284
21.538308, 10.121775
22.518397, 9.930852
4
22.712402, 12.099730
21.714154, 12.078000
21.685872, 11.180032
22.681263, 11.093586
4
22.710715, 12.169676
22.628876, 13.266611
21.638462, 13.143813
21.712466, 12.147946
4
21.476615, 14.098582
21.630037, 13.213248
22.620452, 13.336046
22.448297, 14.325611
4
21.177396, 15.124318
21.460498, 14.166680
22.432180, 14.393710
22.119890, 15.452522
4
20.779655, 16.119774
21.153199, 15.193765
22.095693, 15.521969
21.681895, 16.547896
4
20.316357, 16.970266
20.749803, 16.183145
21.652043, 16.611267
21.167006, 17.493420
5
20.514916, 17.165939
21.131661, 17.545240
20.509956, 18.453895
19.717612, 17.846030
20.281012, 17.022086
4
20.466113, 18.517243
19.813757, 19.279688
19.090067, 18.593107
19.673457, 17.909778
4
18.318048, 19.331794
19.041838, 18.643706
19.765528, 19.330287
18.969104, 20.087790
4
18.916213, 20.133567
18.122741, 20.751361
17.556469, 19.929972
18.265156, 19.377571
4
18.064967, 20.790937
17.119884, 21.364678
16.644597, 20.487079
17.498696, 19.969548
4
15.679681, 20.954361
16.579876, 20.522122
17.055163, 21.399721
16.056236, 21.878686
4
15.988069, 21.906460
14.937837, 22.262221
14.665637, 21.302234
15.611515, 20.982135
4
14.867036, 22.282293
13.790690, 22.529744
13.621571, 21.545933
14.594836, 21.322305
5
13.628996, 21.963094
13.728141, 22.539848
12.729554, 22.654692
12.666398, 21.658841
13.559021, 21.556036
5
12.633317, 22.229640
12.660720, 22.661738
11.560673, 22.675121
11.598966, 21.678657
12.597564, 21.665887
5
10.643500, 21.591716
11.516345, 21.667878
11.478052, 22.664341
10.477464, 22.575068
10.621279, 21.588156
5
9.755961, 21.423698
10.554392, 21.577718
10.410578, 22.564631
9.327917, 22.344690
9.575757, 21.378688
5
8.609073, 21.084873
9.503734, 21.359586
9.255894, 22.325587
8.200885, 21.997072
8.550423, 21.062342
5
7.765962, 20.727360
8.486995, 21.038193
8.137458, 21.972923
7.217544, 21.568914
7.664388, 20.676391
5
6.755156, 20.167834
7.601126, 20.643828
7.154282, 21.536352
6.195263, 20.994212
6.731485, 20.152840
5
5.975943, 19.621253
6.674091, 20.115762
6.137869, 20.957134
5.320369, 20.373144
5.942471, 19.593976
5
5.291932, 19.030695
5.889999, 19.551295
5.267897, 20.330463
4.446538, 19.599467
5.144056, 18.887281
5
4.489219, 18.186766
5.093493, 18.837142
4.395974, 19.549329
3.715109, 18.815623
4.482159, 18.178317
5
3.922904, 17.433108
4.440850, 18.127602
3.673800, 18.764908
3.076054, 17.959527
3.905166, 17.405967
5
3.451293, 16.667257
3.868138, 17.349426
3.039026, 17.902985
2.474096, 16.958157
3.356221, 16.491904
5
3.038215, 15.841464
3.324595, 16.431790
2.442470, 16.898042
2.020688, 15.986976
2.945679, 15.616992
5
2.615326, 14.658405
2.919490, 15.549408
1.994499, 15.919391
1.641267, 14.879369
2.599482, 14.603318
5
2.406424, 13.843567
2.581221, 14.539064
1.623006, 14.815115
1.390191, 13.836555
2.373559, 13.664741
5
2.252445, 12.653067
2.362084, 13.593816
1.378717, 13.765630
1.254434, 12.664332
2.249744, 12.601491
4
2.225686, 11.536415
2.238929, 12.535087
1.243619, 12.597928
1.228447, 11.493078
4
2.317167, 10.572142
2.228503, 11.466484
1.231265, 11.423147
1.332012, 10.424973
4
1.556554, 9.277656
2.523144, 9.523551
2.327649, 10.503014
1.342494, 10.355845
4
2.806108, 8.599559
2.540212, 9.455726
1.573623, 9.209831
1.873524, 8.247943
4
3.234852, 7.618441
2.831560, 8.532168
1.898279, 8.182426
2.342365, 7.174108
4
3.703871, 6.771019
3.265893, 7.555756
2.373406, 7.111423
2.861814, 6.236225
4
4.323326, 5.900287
3.741536, 6.712064
2.899479, 6.177269
3.543587, 5.280098
4
5.029106, 5.093145
4.369112, 5.842723
3.589373, 5.222534
4.319827, 4.391670
4
5.746035, 4.441779
5.078220, 5.043191
4.368941, 4.341716
5.117211, 3.669055
4
6.605426, 3.806589
5.800400, 4.397746
5.171576, 3.625022
6.057035, 2.974074
4
7.438690, 3.313122
6.663719, 3.767996
6.115327, 2.935481
6.980857, 2.427158
4
8.411625, 2.871075
7.500918, 3.281176
7.043085, 2.395213
8.047791, 1.943029
5
8.106907, 1.920412
9.056612, 1.601102
9.322517, 2.561734
8.470741, 2.848459
8.315658, 2.452882
4
10.270471, 2.348829
9.392448, 2.540937
9.126543, 1.580306
10.104292, 1.366036
4
11.330856, 2.218036
10.339280, 2.337355
10.173101, 1.354562
11.257686, 1.224583
4
12.186742, 2.194429
11.396514, 2.212919
11.323344, 1.219466
12.208842, 1.194873
4
13.337612, 0.206578
13.217819, 1.199017
12.220851, 1.126227
12.239469, 0.126539
4
14.492905, 0.398204
14.276368, 1.374299
13.290692, 1.207807
13.410469, 0.215366
4
15.625353, 0.706790
15.311505, 1.656031
14.348015, 1.390193
14.564523, 0.414092
4
16.717815, 1.125726
16.313404, 2.039907
15.381189, 1.679064
15.694993, 0.729808
4
17.768510, 1.647137
17.274683, 2.516563
16.380535, 2.069603
16.784891, 1.155398
4
18.758357, 2.276307
18.180311, 3.091862
17.338481, 2.552800
17.832309, 1.683375
4
19.682255, 2.994354
19.027667, 3.750056
18.240151, 3.134271
18.818198, 2.318717
4
20.532489, 3.803895
19.804822, 4.489579
19.083108, 3.798084
19.737696, 3.042381
4
21.293663, 4.693368
20.502671, 5.304572
19.855133, 4.542966
20.582800, 3.857282
4
21.969229, 5.651733
21.121015, 6.181184
20.547517, 5.362613
21.338509, 4.751408
5
22.009954, 5.704931
22.541626, 6.666188
21.645216, 7.108541
21.161472, 6.233948
21.947823, 5.742945
4
23.011906, 7.747020
22.076502, 8.100115
21.676239, 7.184047
22.572575, 6.741544
4
23.373630, 8.864214
22.407265, 9.120627
22.102407, 8.168750
23.037811, 7.815655
4
23.619389, 10.006277
22.633274, 10.169483
22.426075, 9.191495
23.392439, 8.935082
4
23.761761, 11.166910
22.764175, 11.234326
22.645236, 10.241760
23.631350, 10.078554
4
23.775610, 12.346533
22.776742, 12.307197
22.768842, 11.307662
23.766685, 11.244132
4
22.687366, 13.376476
22.773865, 12.380503
23.772733, 12.419839
23.677988, 13.510796
4
22.495722, 14.431915
22.677510, 13.449135
23.668131, 13.583454
23.467948, 14.665658
5
22.949492, 14.609199
23.452323, 14.731111
23.138973, 15.780760
22.194430, 15.454060
22.480400, 14.496139
4
21.801641, 16.460270
22.168631, 15.530360
23.113173, 15.857060
22.711613, 16.874538
4
22.679795, 16.944330
22.214811, 17.825495
21.353921, 17.320240
21.772628, 16.523920
4
22.179430, 17.885491
21.586657, 18.798385
20.773255, 18.218182
21.318540, 17.380235
4
21.546337, 18.855163
20.933605, 19.639316
20.179706, 18.984419
20.732935, 18.274960
4
20.887741, 19.691836
20.127453, 20.480335
19.439291, 19.755989
20.133842, 19.036940
5
19.873786, 20.309051
20.081768, 20.527970
19.255462, 21.246816
18.639213, 20.459573
19.393607, 19.803624
5
19.122951, 21.192287
19.201833, 21.293057
18.385011, 21.866821
17.849708, 21.023220
18.585585, 20.505814
5
17.961232, 21.328837
18.322449, 21.898090
17.373705, 22.439430
16.918966, 21.550229
17.787145, 21.054489
4
17.303411, 22.478477
16.302173, 22.933952
15.938581, 22.002607
16.848672, 21.589276
5
16.132733, 22.681493
16.241605, 22.961030
15.197738, 23.304009
14.928671, 22.342084
15.878236, 22.029597
4
15.119155, 23.323445
14.052962, 23.570884
13.876164, 22.587099
14.850087, 22.361520
4
13.984337, 23.583406
12.995164, 23.710302
12.915384, 22.715228
13.807539, 22.599620
4
12.925639, 23.715718
11.833358, 23.751142
11.846618, 22.752252
12.845859, 22.720644
5
10.828835, 22.692173
11.767625, 22.743974
11.754365, 23.742864
10.656420, 23.678032
10.769780, 22.684966
5
9.933483, 22.555666
10.699895, 22.676522
10.586268, 23.669556
9.501870, 23.485252
9.714293, 22.509627
5
8.771832, 22.265268
9.641721, 22.493306
9.429299, 23.468932
8.370418, 23.186774
8.675980, 22.234962
4
8.609754, 22.220675
8.304192, 23.172487
7.274003, 22.783708
7.674202, 21.868964
5
6.866000, 21.468398
7.605994, 21.831374
7.205796, 22.746118
6.224577, 22.255131
6.712300, 21.383323
5
5.855026, 20.857979
6.647848, 21.346628
6.160125, 22.218436
5.226648, 21.638168
5.799053, 20.818622
5
5.127056, 20.310621
5.741539, 20.777923
5.169134, 21.597468
4.301948, 20.919992
4.953300, 20.163229
5
4.241913, 19.498551
4.897233, 20.114280
4.245880, 20.871043
3.450750, 20.118086
4.172056, 19.426149
4
4.120582, 19.382100
3.399276, 20.074038
2.676091, 19.243823
3.463061, 18.629288
5
2.902911, 17.827554
3.420357, 18.562889
2.633387, 19.177424
2.004446, 18.276300
2.848883, 17.742641
5
2.351342, 16.881924
2.810364, 17.680653
1.965927, 18.214311
1.422472, 17.260379
2.315928, 16.811816
4
0.945096, 16.195484
1.878014, 15.839646
2.279891, 16.754802
1.386435, 17.203365
5
1.583624, 14.943561
1.856864, 15.764144
0.923946, 16.119982
0.583807, 15.079823
1.547094, 14.813610
4
1.522578, 14.749923
0.559290, 15.016136
0.315402, 13.941327
1.300008, 13.775521
5
1.196963, 12.882538
1.294144, 13.697834
0.309258, 13.861898
0.188133, 12.769744
1.184866, 12.704134
4
1.153254, 11.636767
1.173734, 12.636265
0.177000, 12.701874
0.154025, 11.608291
4
1.225174, 10.671002
1.155078, 11.567085
0.155849, 11.538609
0.233423, 10.545923
4
1.404620, 9.616017
1.234101, 10.601100
0.242253, 10.476780
0.428442, 9.401128
4
1.678973, 8.579773
1.420390, 9.544439
0.444211, 9.329550
0.730005, 8.264773
4
2.070374, 7.580765
1.702297, 8.509295
0.753082, 8.195057
1.158839, 7.170749
4
2.549808, 6.620841
2.100731, 7.513112
1.188856, 7.103839
1.680556, 6.126983
4
3.065515, 5.799180
2.584442, 6.559371
1.714785, 6.066235
2.248040, 5.225705
4
3.717338, 4.951424
3.105657, 5.742213
2.288181, 5.168738
2.955970, 4.304990
4
4.446149, 4.164237
3.764792, 4.895563
3.003424, 4.249129
3.754243, 3.442934
4
5.257944, 3.462595
4.499146, 4.113387
3.808813, 3.390577
4.643090, 2.676185
4
6.130540, 2.838314
5.315658, 3.417474
4.700803, 2.631064
5.590759, 1.997045
4
6.968602, 2.351454
6.189128, 2.800532
5.649347, 1.959263
6.512969, 1.462580
4
7.941561, 1.907700
7.030726, 2.319794
6.575093, 1.430920
7.571106, 0.979631
4
8.953816, 1.552188
8.009649, 1.880528
7.639194, 0.952459
8.678939, 0.591498
4
9.999291, 1.310991
9.024381, 1.531994
8.749658, 0.571261
9.822817, 0.327667
4
11.062513, 1.166993
10.071443, 1.298050
9.894970, 0.314726
10.978849, 0.170876
4
12.146967, 1.124874
11.135955, 1.160859
11.052291, 0.164742
12.163040, 0.125138
4
13.215082, 0.153557
12.220622, 0.086816
12.222193, 0.004064
13.231575, 0.004064
4
14.330799, 0.007881
14.270577, 0.308747
13.285396, 0.157374
13.301889, 0.007881
4
15.308955, 0.554813
14.341451, 0.315582
14.401673, 0.014717
15.470038, 0.014717
4
16.321419, 0.894428
15.380757, 0.564768
15.541839, 0.024672
16.668270, 0.024672
5
17.749186, 0.421199
17.298654, 1.312974
16.389088, 0.905217
16.735939, 0.035462
16.889360, 0.035462
4
18.764901, 0.997105
18.234151, 1.843618
17.366238, 1.353666
17.816770, 0.461891
4
19.718131, 1.653791
19.115177, 2.450058
18.295871, 1.882308
18.826621, 1.035796
4
20.614125, 2.389429
19.942078, 3.128459
19.173235, 2.494016
19.776189, 1.697749
4
21.437880, 3.208999
20.700505, 3.882554
19.995998, 3.177490
20.668044, 2.438459
4
22.181507, 4.094961
21.388507, 4.701532
20.749639, 3.936331
21.487015, 3.262776
4
22.849268, 5.043982
22.004068, 5.576199
21.432750, 4.759376
22.225750, 4.152806
4
23.422425, 6.053226
22.532737, 6.506013
22.042901, 5.637864
22.888101, 5.105647
4
23.905338, 7.104010
22.979912, 7.477700
22.565780, 6.570911
23.455468, 6.118124
5
23.976883, 7.289921
23.976883, 8.287606
23.339218, 8.478720
23.007390, 7.538826
23.932816, 7.165136
4
23.981880, 9.444903
23.584102, 9.526264
23.344215, 8.558684
23.981880, 8.367571
4
23.988874, 10.553923
23.750861, 10.581476
23.591095, 9.597433
23.988874, 9.516072
4
23.992889, 11.642839
23.824579, 11.646376
23.754877, 10.652080
23.992889, 10.624527
4
23.993623, 12.726777
23.797527, 12.713307
23.825312, 11.716773
23.993623, 11.713236
4
23.991232, 12.797245
23.991232, 13.822932
23.686314, 13.774779
23.795137, 12.783775
4
23.985803, 13.893812
23.985803, 14.951238
23.479476, 14.821853
23.680885, 13.845660
5
23.618784, 14.923765
23.976733, 15.015234
23.976733, 16.117695
23.179086, 15.839315
23.470405, 14.885849
5
23.968981, 16.196861
23.968981, 16.611976
23.714150, 17.259043
22.805813, 16.846017
23.171334, 15.918480
4
23.678719, 17.325528
23.175926, 18.295207
22.312066, 17.797758
22.770383, 16.912502
4
22.558681, 19.271488
21.740576, 18.702146
22.275716, 17.860920
23.139576, 18.358370
5
21.976321, 18.946026
22.519624, 19.324125
21.861885, 20.190442
21.098709, 19.548770
21.701518, 18.754784
4
21.812462, 20.253334
21.072242, 21.049719
20.370563, 20.341945
21.049286, 19.611661
4
21.020535, 21.100990
20.220807, 21.831527
19.582851, 21.065804
20.318856, 20.393216
4
20.164836, 21.878168
19.296038, 22.537311
18.733058, 21.715345
19.526880, 21.112444
5
19.019904, 22.250252
19.242932, 22.575878
18.318576, 23.145190
17.830805, 22.276482
18.679951, 21.753912
4
18.248046, 23.183464
17.281157, 23.676089
16.871836, 22.767270
17.760275, 22.314756
5
16.152245, 23.968858
15.877886, 23.168313
16.805222, 22.802504
17.214543, 23.711323
16.560547, 23.968858
4
16.080730, 23.976890
14.979016, 23.976890
14.849562, 23.456871
15.806370, 23.176345
5
14.835920, 23.668865
14.914329, 23.983836
13.857334, 23.983836
13.808192, 23.664227
14.784875, 23.463816
4
13.779474, 23.990604
12.751538, 23.990604
12.738592, 23.773314
13.730332, 23.670995
4
12.680982, 23.992690
11.665840, 23.992690
11.671082, 23.792245
12.668036, 23.775400
5
10.742924, 23.737572
11.595744, 23.789448
11.590502, 23.989893
10.569149, 23.989893
10.601122, 23.720744
5
9.585590, 23.557555
10.529324, 23.715015
10.497351, 23.984165
9.453561, 23.984165
9.546178, 23.548824
5
8.649493, 23.332013
9.476999, 23.539985
9.384383, 23.975326
8.302563, 23.975326
8.511337, 23.291562
6
7.596989, 22.993075
8.435810, 23.283913
8.227036, 23.967677
7.388163, 23.967677
7.118786, 23.872097
7.496031, 22.951118
5
6.538023, 22.503643
7.431512, 22.919905
7.054266, 23.840885
6.069542, 23.381414
6.527901, 22.498254
5
5.716538, 22.040640
6.465555, 22.465383
6.007196, 23.348543
5.066007, 22.808540
5.600957, 21.968662
5
4.785321, 21.404281
5.539609, 21.928993
5.004659, 22.768871
4.114086, 22.141934
4.723836, 21.355839
4
4.667097, 21.320222
4.057346, 22.106318
3.232015, 21.402540
3.908356, 20.673182
5
3.264832, 20.026672
3.856558, 20.615486
3.180216, 21.344843
2.415609, 20.574199
3.154916, 19.906972
5
2.500515, 19.120342
3.105831, 19.851771
2.366524, 20.518999
1.675371, 19.676317
2.472400, 19.081818
5
1.992304, 18.390000
2.430997, 19.025660
1.633968, 19.620158
1.026295, 18.721955
1.872723, 18.199388
5
1.406254, 17.383640
1.834459, 18.136587
0.988031, 18.659153
0.456081, 17.711251
1.347018, 17.266708
6
0.911087, 16.304004
1.307557, 17.199728
0.416621, 17.644271
0.039461, 16.786474
0.039461, 16.623767
0.904925, 16.287524
5
0.632076, 15.467447
0.893683, 16.221064
0.028219, 16.557307
0.028219, 15.436598
0.574540, 15.276307
5
0.338534, 14.329472
0.562740, 15.203977
0.016418, 15.364267
0.016418, 14.296192
0.320715, 14.236696
4
0.312471, 14.172010
0.008174, 14.231506
0.008174, 13.201031
0.170971, 13.184863
5
0.117324, 12.283091
0.168166, 13.109778
0.005368, 13.125947
0.005368, 12.115351
0.114070, 12.114022
4
0.142104, 11.051856
0.113016, 12.048479
0.004314, 12.049808
0.004314, 11.040941
4
0.272120, 9.992425
0.144841, 10.981548
0.007050, 10.970634
0.007050, 9.947692
4
0.484145, 8.946020
0.277956, 9.921692
0.012886, 9.876960
0.012886, 8.822842
4
0.788834, 7.922265
0.492932, 8.874411
0.021672, 8.751233
0.021672, 7.641192
5
1.186432, 6.931757
0.797670, 7.850179
0.030508, 7.569106
0.030508, 7.117002
0.286589, 6.508918
4
1.682835, 5.981732
1.222182, 6.866167
0.322338, 6.443327
0.823864, 5.479935
4
2.262793, 5.082549
1.719575, 5.918804
0.860604, 5.417007
1.454673, 4.505180
4
2.920088, 4.238195
2.305121, 5.023292
1.497001, 4.445923
2.163489, 3.592970
4
3.644922, 3.451165
2.967352, 4.182763
2.210753, 3.537538
2.952514, 2.739620
4
4.446478, 2.742079
3.697177, 3.400292
3.004769, 2.688747
3.822142, 1.969419
4
5.305047, 2.103408
4.503163, 2.696311
3.878827, 1.923651
4.749387, 1.278776
4
6.215229, 1.541039
5.365437, 2.062692
4.809778, 1.238059
5.738439, 0.670829
4
7.176049, 1.069844
6.279119, 1.506017
5.802329, 0.635807
6.777795, 0.159617
5
8.167955, 0.678477
7.238334, 1.039526
6.840080, 0.129299
7.108861, 0.024820
7.949224, 0.024820
4
9.204825, 0.399100
8.245635, 0.671764
8.026904, 0.018106
9.115775, 0.018106
4
10.256841, 0.210137
9.276050, 0.391160
9.187000, 0.010167
10.228122, 0.010167
4
11.319421, 0.104405
10.327337, 0.205205
10.298618, 0.005235
11.312950, 0.005235
4
12.158240, 0.085935
11.381848, 0.102353
11.375377, 0.003184
12.159811, 0.003184
8
17.352533, 0.196402
17.291190, 0.168034
17.271994, 0.159401
17.124080, 0.094741
17.042925, 0.059264
17.023594, 0.051055
16.914477, 0.006060
17.439649, 0.006060
4
18.295468, 0.656458
17.403518, 0.204907
17.490633, 0.014564
18.657938, 0.014564
5
19.778468, 0.376883
19.214836, 1.202746
18.367512, 0.672148
18.729983, 0.030254
19.224928, 0.030254
4
20.703964, 1.063876
20.077270, 1.842952
19.274386, 1.247326
19.838018, 0.421464
4
21.574794, 1.818364
20.886417, 2.543596
20.133958, 1.888542
20.760587, 1.109413
4
22.381133, 2.656364
21.631573, 3.318110
20.940742, 2.595456
21.631162, 1.872174
4
23.110499, 3.547070
22.311226, 4.147796
21.679759, 3.372677
22.429319, 2.710931
4
23.768669, 4.493033
22.922382, 5.025603
22.354883, 4.205876
23.154155, 3.605151
5
23.976161, 4.849969
23.976161, 5.688043
23.454219, 5.956722
22.962141, 5.086467
23.809316, 4.555312
4
23.989124, 6.898505
23.889555, 6.940251
23.467182, 6.034065
23.989124, 5.765387
4
23.997912, 6.938599
23.997912, 7.223842
23.898343, 6.980345
23.978156, 6.946882
8
23.991094, 17.485091
23.710855, 17.355877
23.718640, 17.338848
23.818767, 17.109774
23.827939, 17.088100
23.922647, 16.856733
23.929923, 16.838448
23.991094, 16.680196
4
23.982101, 18.727765
23.239548, 18.301298
23.701862, 17.414946
23.982101, 17.544159
6
23.767568, 18.676481
23.968870, 18.792094
23.968870, 19.061408
23.519701, 19.774859
22.693644, 19.211709
23.226317, 18.365628
4
23.468852, 19.840113
22.826098, 20.712244
22.049880, 20.081953
22.642796, 19.276963
4
22.780161, 20.768813
22.056951, 21.578720
21.337869, 20.884018
22.003943, 20.138523
4
20.565161, 21.627804
21.287320, 20.936359
22.006401, 21.631061
21.229283, 22.375132
5
20.780164, 21.968306
21.179573, 22.417755
20.341787, 23.107813
19.743986, 22.306314
20.515451, 21.670428
4
20.278640, 23.157114
19.376819, 23.764436
18.851440, 22.913745
19.680839, 22.355615
5
19.318026, 23.802522
19.011284, 23.975788
18.197143, 23.975788
17.922120, 23.443552
18.792647, 22.951831
4
16.984678, 23.988819
16.940559, 23.882160
17.845214, 23.456584
18.120237, 23.988819
5
16.940738, 23.996932
16.628468, 23.996535
16.653456, 23.987000
16.885818, 23.894760
16.896619, 23.890272
4
6.678551, 23.736925
7.279722, 23.989859
6.367455, 23.989859
6.520821, 23.663287
5
5.654786, 23.231756
6.462890, 23.647440
6.309523, 23.974011
5.127649, 23.974011
5.575703, 23.186498
5
5.511439, 23.176196
5.063384, 23.963710
4.885690, 23.963710
4.096454, 23.473719
4.661933, 22.649050
5
3.939153, 22.100793
4.600803, 22.591935
4.035323, 23.416605
3.168515, 22.762343
3.803004, 21.989527
4
3.746209, 21.951588
3.111721, 22.724404
2.306999, 22.007008
2.999927, 21.286286
4
2.947491, 21.235864
2.254563, 21.956586
1.503307, 21.177598
2.253370, 20.516303
5
1.686501, 19.817788
2.207686, 20.453764
1.455724, 21.112926
0.776093, 20.268584
1.580849, 19.675065
5
1.027392, 18.865561
1.537656, 19.615695
0.732484, 20.208647
0.129291, 19.313893
0.978800, 18.786701
5
0.941025, 18.738435
0.091516, 19.265627
0.019869, 19.139814
0.019869, 18.088111
0.446272, 17.869642
4
0.434046, 17.789179
0.007643, 18.007647
0.007643, 16.884454
0.017964, 16.880247
4
0.010570, 16.844216
0.004106, 16.846850
0.000248, 16.848423
0.000248, 16.818998
9
0.261999, 6.469331
0.220270, 6.557304
0.212064, 6.575051
0.157387, 6.696391
0.109358, 6.802980
0.101264, 6.821437
0.056947, 6.925327
0.008256, 7.039472
0.008256, 6.349088
4
0.729166, 5.524839
0.270946, 6.412683
0.016910, 6.293057
0.016910, 5.115213
5
1.281401, 4.611341
0.746030, 5.454671
0.033428, 5.045643
0.033428, 4.713063
0.460535, 4.040330
4
1.932367, 3.754178
1.328969, 4.550470
0.507701, 3.980040
1.158639, 3.121050
4
2.639376, 2.946742
1.978870, 3.697278
1.204688, 3.064704
1.920323, 2.251846
4
3.417440, 2.208686
2.690042, 2.894320
1.970989, 2.199424
2.762674, 1.452911
4
4.254303, 1.539031
3.472473, 2.160991
2.817743, 1.405187
3.661529, 0.733972
4
5.138595, 0.932209
4.313454, 1.495416
3.720074, 0.690802
4.613506, 0.081212
5
6.067982, 0.411489
5.195447, 0.897681
4.672262, 0.045483
4.721229, 0.018201
5.870543, 0.018201
4
6.958458, 0.028074
6.147895, 0.400178
5.949762, 0.007241
7.009514, 0.007241
3
19.269812, 0.007617
19.257661, 0.000174
19.274387, 0.000174
15
20.123578, 0.575622
20.050848, 0.522733
20.035143, 0.511543
19.970774, 0.466605
19.830154, 0.368437
19.814056, 0.357430
19.606315, 0.218349
19.589700, 0.207463
19.556738, 0.186330
19.379238, 0.072535
19.361897, 0.061666
19.345956, 0.051901
19.299412, 0.023388
19.303987, 0.015945
20.528334, 0.015945
5
21.104921, 0.029877
21.625774, 0.435507
20.984214, 1.198638
20.201077, 0.589554
20.605832, 0.029877
4
22.473573, 1.203949
21.773935, 1.914462
21.038997, 1.248108
21.680558, 0.484977
4
23.255285, 2.035534
22.503028, 2.689637
21.825315, 1.965052
22.524953, 1.254540
5
23.960414, 2.893612
23.960414, 2.934019
23.181844, 3.513862
22.559797, 2.745204
23.312054, 2.091100
4
23.982730, 4.261203
23.772486, 4.394830
23.206143, 3.580197
23.982730, 2.997668
8
23.994039, 4.787293
23.975426, 4.755116
23.964301, 4.736361
23.834429, 4.522742
23.820588, 4.500632
23.783795, 4.443524
23.904494, 4.366811
23.994039, 4.309897
7
23.994075, 19.669413
23.738837, 19.504505
23.834319, 19.355964
23.844111, 19.340419
23.975406, 19.127671
23.985201, 19.111457
23.994075, 19.096449
5
23.984510, 19.735393
23.984510, 20.942727
23.955316, 20.984689
23.162521, 20.385108
23.729272, 19.570485
4
23.918141, 21.037908
23.238915, 21.865642
22.497547, 21.206825
23.125347, 20.438328
4
23.191050, 21.919518
22.452201, 22.687834
21.760429, 21.974801
22.449682, 21.260701
4
22.400517, 22.737936
21.610954, 23.452508
20.973012, 22.690906
21.708745, 22.024903
5
21.555611, 23.503537
20.956229, 23.967720
20.572296, 23.967720
20.134922, 23.351961
20.917668, 22.741935
4
20.503111, 23.987874
19.278309, 23.987874
19.232020, 23.910719
20.065737, 23.372115
5
19.237455, 23.997977
19.060489, 23.997977
19.110819, 23.968949
19.126619, 23.959643
19.191165, 23.920821
4
4.280668, 23.643531
4.838483, 23.986174
3.819656, 23.986174
4.122496, 23.538756
6
3.332483, 22.986396
4.062232, 23.520743
3.759392, 23.968160
3.001622, 23.968160
2.645319, 23.705428
3.263844, 22.930947
4
3.209315, 22.893747
2.590791, 23.668228
1.784406, 22.971699
2.458076, 22.245019
5
1.780211, 21.569047
2.406338, 22.187409
1.732667, 22.914088
0.976964, 22.162465
1.702761, 21.487284
5
1.060979, 20.753798
1.654089, 21.434405
0.928291, 22.109586
0.230062, 21.298008
1.005554, 20.683040
5
0.962231, 20.637890
0.186738, 21.252858
0.020514, 21.025095
0.020514, 20.076790
0.377829, 19.835484
4
0.013027, 19.220011
0.363685, 19.769184
0.006370, 20.010490
0.006370, 19.209045
11
0.559667, 3.838834
0.452850, 3.988208
0.441591, 4.004284
0.424186, 4.029661
0.300190, 4.210454
0.288457, 4.227954
0.283138, 4.236072
0.151432, 4.437057
0.138264, 4.457699
0.018296, 4.650931
0.018296, 3.451396
5
1.178154, 2.983867
0.570457, 3.768664
0.029086, 3.381226
0.029086, 2.850039
0.416209, 2.349828
4
1.886045, 2.186915
1.226823, 2.928960
0.464878, 2.294921
1.176419, 1.498908
4
2.657243, 1.452710
1.936246, 2.135127
1.226619, 1.447119
2.003456, 0.708245
5
3.484187, 0.772389
2.712497, 1.396685
2.058709, 0.652220
2.816952, 0.037906
2.930028, 0.037906
4
4.360682, 0.179037
3.548916, 0.750194
2.994757, 0.015712
4.255258, 0.015712
8
4.662137, 0.004842
4.621330, 0.029750
4.602264, 0.041685
4.451019, 0.138741
4.407378, 0.166747
4.318949, 0.029750
4.301954, 0.003421
4.664464, 0.003421
12
21.922662, 0.635580
21.733164, 0.472515
21.719451, 0.460928
21.573459, 0.339792
21.527056, 0.301290
21.513355, 0.290125
21.379038, 0.182628
21.318168, 0.133913
21.304318, 0.123027
21.182068, 0.028671
21.166119, 0.016362
22.470627, 0.016362
5
23.433731, 0.643756
22.719606, 1.341352
21.997676, 0.655635
22.544574, 0.035480
22.793365, 0.035480
5
23.969162, 1.232811
23.969162, 1.691238
23.442726, 2.137396
22.773959, 1.399594
23.488084, 0.701998
9
23.984438, 2.862456
23.910299, 2.764315
23.899596, 2.750403
23.745425, 2.553601
23.734451, 2.539843
23.576841, 2.345784
23.565559, 2.332141
23.458001, 2.204399
23.984438, 1.758241
10
23.981819, 22.243947
23.407460, 21.747960
23.463849, 21.683579
23.479326, 21.665478
23.639519, 21.473545
23.656589, 21.452520
23.811526, 21.256319
23.824020, 21.240160
23.974917, 21.040836
23.981819, 21.031550
6
23.953048, 22.292440
23.972038, 22.308839
23.972038, 22.654972
23.422930, 23.243314
22.717712, 22.540634
23.397679, 21.812852
5
23.361084, 23.305327
22.662260, 23.962280
22.526904, 23.962280
21.929967, 23.284570
22.655866, 22.602647
5
21.892395, 23.329860
22.465740, 23.980785
21.133866, 23.980785
21.100614, 23.936946
21.868803, 23.303075
3
21.091890, 23.998977
21.001427, 23.998977
21.058638, 23.955137
4
2.465492, 23.638901
2.905354, 23.985558
1.904794, 23.985558
2.307352, 23.506930
6
1.607971, 22.909279
2.252535, 23.485109
1.849977, 23.963737
1.299919, 23.963737
0.823630, 23.534405
1.512947, 22.817900
6
0.796640, 22.094463
1.453071, 22.765103
0.763754, 23.481608
0.042038, 22.740686
0.042038, 22.698388
0.757980, 22.051655
5
0.234285, 21.413008
0.730100, 21.990991
0.014158, 22.637724
0.014158, 21.286726
0.089411, 21.228330
4
0.055923, 21.165480
0.077509, 21.193319
0.002256, 21.251714
0.002256, 21.094184
7
0.281183, 2.442523
0.239995, 2.492894
0.229540, 2.505899
0.074537, 2.702047
0.064263, 2.715274
0.008472, 2.788359
0.008472, 2.221166
5
0.943857, 1.630799
0.292260, 2.384314
0.019549, 2.162957
0.019549, 1.183091
0.218884, 0.952956
4
1.695897, 0.877154
0.989316, 1.579347
0.264342, 0.901504
1.025177, 0.147376
5
2.506698, 0.190441
1.747068, 0.835015
1.076348, 0.105237
1.182059, 0.015192
2.367123, 0.015192
4
2.702664, 0.068394
2.561817, 0.179439
2.422242, 0.004190
2.786837, 0.004190
3
22.816134, 23.890124
23.937534, 22.825524
23.937534, 23.890124
3
1.179495, 23.965549
0.052343, 23.965549
0.052343, 22.825524
3
23.961462, 1.164924
22.877462, 0.030224
23.961462, 0.030224
3
0.046309, 0.022034
1.104135, 0.022034
0.046309, 1.076333
4
13.110954, 11.952133
12.662237, 12.849584
12.018455, 12.068663
12.127504, 11.911274
4
11.989676, 12.093841
12.657052, 12.847705
11.677149, 13.043182
11.926726, 12.070873
4
11.903728, 12.065789
11.650994, 13.037640
10.925485, 12.366607
11.813721, 11.933947
4
11.858083, 11.889928
11.799719, 11.921548
10.904413, 12.343675
10.990931, 11.349701
4
11.905918, 11.840483
11.867447, 11.865555
11.002994, 11.342804
11.844779, 10.831770
12
12.784861, 11.180569
12.173402, 11.886215
12.117884, 11.888283
12.081803, 11.889225
12.013591, 11.894286
11.979595, 11.893021
11.961679, 11.891045
11.948576, 11.886917
11.938261, 11.882840
11.926815, 11.873956
11.927396, 11.862174
11.857753, 10.825710
3
13.119552, 11.928120
12.203323, 11.887378
12.814838, 11.183664
3
11.838693, 11.934309
12.086390, 11.920576
11.996946, 12.061131
